15552000
15552001
15552002
15552003
15552004
15552005
15552006
15552007
15552008
15552009
15552010
15552011
15552012
15552013
15552014
15552015
15552016
15552017
15552018
15552019
15552020
15552021
15552022
15552023
15552024
15552025
15552026
15552027
15552028
15552029
15552030
15552031
15552032
15552033
15552034
15552035
15552036
15552037
15552038
15552039
15552040
15552041
15552042
15552043
15552044
15552045
15552046
15552047
15552048
15552049
15552050
15552051
15552052
15552053
15552054
15552055
15552056
15552057
15552058
15552059
15552060
15552061
15552062
15552063
15552064
15552065
15552066
15552067
15552068
15552069
15552070
15552071
15552072
15552073
15552074
15552075
15552076
15552077
15552078
15552079
15552080
15552081
15552082
15552083
15552084
15552085
15552086
15552087
15552088
15552089
15552090
15552091
15552092
15552093
15552094
15552095
15552096
15552097
15552098
15552099
15552100
15552101
15552102
15552103
15552104
15552105
15552106
15552107
15552108
15552109
15552110
15552111
15552112
15552113
15552114
15552115
15552116
15552117
15552118
15552119
15552120
15552121
15552122
15552123
15552124
15552125
15552126
15552127
15552128
15552129
15552130
15552131
15552132
15552133
15552134
15552135
15552136
15552137
15552138
15552139
15552140
15552141
15552142
15552143
15552144
15552145
15552146
15552147
15552148
15552149
15552150
15552151
15552152
15552153
15552154
15552155
15552156
15552157
15552158
15552159
15552160
15552161
15552162
15552163
15552164
15552165
15552166
15552167
15552168
15552169
15552170
15552171
15552172
15552173
15552174
15552175
15552176
15552177
15552178
15552179
15552180
15552181
15552182
15552183
15552184
15552185
15552186
15552187
15552188
15552189
15552190
15552191
15552192
15552193
15552194
15552195
15552196
15552197
15552198
15552199
15552200
15552201
15552202
15552203
15552204
15552205
15552206
15552207
15552208
15552209
15552210
15552211
15552212
15552213
15552214
15552215
15552216
15552217
15552218
15552219
15552220
15552221
15552222
15552223
15552224
15552225
15552226
15552227
15552228
15552229
15552230
15552231
15552232
15552233
15552234
15552235
15552236
15552237
15552238
15552239
15552240
15552241
15552242
15552243
15552244
15552245
15552246
15552247
15552248
15552249
15552250
15552251
15552252
15552253
15552254
15552255
15552256
15552257
15552258
15552259
15552260
15552261
15552262
15552263
15552264
15552265
15552266
15552267
15552268
15552269
15552270
15552271
15552272
15552273
15552274
15552275
15552276
15552277
15552278
15552279
15552280
15552281
15552282
15552283
15552284
15552285
15552286
15552287
15552288
15552289
15552290
15552291
15552292
15552293
15552294
15552295
15552296
15552297
15552298
15552299
15552300
15552301
15552302
15552303
15552304
15552305
15552306
15552307
15552308
15552309
15552310
15552311
15552312
15552313
15552314
15552315
15552316
15552317
15552318
15552319
15552320
15552321
15552322
15552323
15552324
15552325
15552326
15552327
15552328
15552329
15552330
15552331
15552332
15552333
15552334
15552335
15552336
15552337
15552338
15552339
15552340
15552341
15552342
15552343
15552344
15552345
15552346
15552347
15552348
15552349
15552350
15552351
15552352
15552353
15552354
15552355
15552356
15552357
15552358
15552359
15552360
15552361
15552362
15552363
15552364
15552365
15552366
15552367
15552368
15552369
15552370
15552371
15552372
15552373
15552374
15552375
15552376
15552377
15552378
15552379
15552380
15552381
15552382
15552383
15552384
15552385
15552386
15552387
15552388
15552389
15552390
15552391
15552392
15552393
15552394
15552395
15552396
15552397
15552398
15552399
15552400
15552401
15552402
15552403
15552404
15552405
15552406
15552407
15552408
15552409
15552410
15552411
15552412
15552413
15552414
15552415
15552416
15552417
15552418
15552419
15552420
15552421
15552422
15552423
15552424
15552425
15552426
15552427
15552428
15552429
15552430
15552431
15552432
15552433
15552434
15552435
15552436
15552437
15552438
15552439
15552440
15552441
15552442
15552443
15552444
15552445
15552446
15552447
15552448
15552449
15552450
15552451
15552452
15552453
15552454
15552455
15552456
15552457
15552458
15552459
15552460
15552461
15552462
15552463
15552464
15552465
15552466
15552467
15552468
15552469
15552470
15552471
15552472
15552473
15552474
15552475
15552476
15552477
15552478
15552479
15552480
15552481
15552482
15552483
15552484
15552485
15552486
15552487
15552488
15552489
15552490
15552491
15552492
15552493
15552494
15552495
15552496
15552497
15552498
15552499
15552500
15552501
15552502
15552503
15552504
15552505
15552506
15552507
15552508
15552509
15552510
15552511
15552512
15552513
15552514
15552515
15552516
15552517
15552518
15552519
15552520
15552521
15552522
15552523
15552524
15552525
15552526
15552527
15552528
15552529
15552530
15552531
15552532
15552533
15552534
15552535
15552536
15552537
15552538
15552539
15552540
15552541
15552542
15552543
15552544
15552545
15552546
15552547
15552548
15552549
15552550
15552551
15552552
15552553
15552554
15552555
15552556
15552557
15552558
15552559
15552560
15552561
15552562
15552563
15552564
15552565
15552566
15552567
15552568
15552569
15552570
15552571
15552572
15552573
15552574
15552575
15552576
15552577
15552578
15552579
15552580
15552581
15552582
15552583
15552584
15552585
15552586
15552587
15552588
15552589
15552590
15552591
15552592
15552593
15552594
15552595
15552596
15552597
15552598
15552599
15552600
15552601
15552602
15552603
15552604
15552605
15552606
15552607
15552608
15552609
15552610
15552611
15552612
15552613
15552614
15552615
15552616
15552617
15552618
15552619
15552620
15552621
15552622
15552623
15552624
15552625
15552626
15552627
15552628
15552629
15552630
15552631
15552632
15552633
15552634
15552635
15552636
15552637
15552638
15552639
15552640
15552641
15552642
15552643
15552644
15552645
15552646
15552647
15552648
15552649
15552650
15552651
15552652
15552653
15552654
15552655
15552656
15552657
15552658
15552659
15552660
15552661
15552662
15552663
15552664
15552665
15552666
15552667
15552668
15552669
15552670
15552671
15552672
15552673
15552674
15552675
15552676
15552677
15552678
15552679
15552680
15552681
15552682
15552683
15552684
15552685
15552686
15552687
15552688
15552689
15552690
15552691
15552692
15552693
15552694
15552695
15552696
15552697
15552698
15552699
15552700
15552701
15552702
15552703
15552704
15552705
15552706
15552707
15552708
15552709
15552710
15552711
15552712
15552713
15552714
15552715
15552716
15552717
15552718
15552719
15552720
15552721
15552722
15552723
15552724
15552725
15552726
15552727
15552728
15552729
15552730
15552731
15552732
15552733
15552734
15552735
15552736
15552737
15552738
15552739
15552740
15552741
15552742
15552743
15552744
15552745
15552746
15552747
15552748
15552749
15552750
15552751
15552752
15552753
15552754
15552755
15552756
15552757
15552758
15552759
15552760
15552761
15552762
15552763
15552764
15552765
15552766
15552767
15552768
15552769
15552770
15552771
15552772
15552773
15552774
15552775
15552776
15552777
15552778
15552779
15552780
15552781
15552782
15552783
15552784
15552785
15552786
15552787
15552788
15552789
15552790
15552791
15552792
15552793
15552794
15552795
15552796
15552797
15552798
15552799
15552800
15552801
15552802
15552803
15552804
15552805
15552806
15552807
15552808
15552809
15552810
15552811
15552812
15552813
15552814
15552815
15552816
15552817
15552818
15552819
15552820
15552821
15552822
15552823
15552824
15552825
15552826
15552827
15552828
15552829
15552830
15552831
15552832
15552833
15552834
15552835
15552836
15552837
15552838
15552839
15552840
15552841
15552842
15552843
15552844
15552845
15552846
15552847
15552848
15552849
15552850
15552851
15552852
15552853
15552854
15552855
15552856
15552857
15552858
15552859
15552860
15552861
15552862
15552863
15552864
15552865
15552866
15552867
15552868
15552869
15552870
15552871
15552872
15552873
15552874
15552875
15552876
15552877
15552878
15552879
15552880
15552881
15552882
15552883
15552884
15552885
15552886
15552887
15552888
15552889
15552890
15552891
15552892
15552893
15552894
15552895
15552896
15552897
15552898
15552899
15552900
15552901
15552902
15552903
15552904
15552905
15552906
15552907
15552908
15552909
15552910
15552911
15552912
15552913
15552914
15552915
15552916
15552917
15552918
15552919
15552920
15552921
15552922
15552923
15552924
15552925
15552926
15552927
15552928
15552929
15552930
15552931
15552932
15552933
15552934
15552935
15552936
15552937
15552938
15552939
15552940
15552941
15552942
15552943
15552944
15552945
15552946
15552947
15552948
15552949
15552950
15552951
15552952
15552953
15552954
15552955
15552956
15552957
15552958
15552959
15552960
15552961
15552962
15552963
15552964
15552965
15552966
15552967
15552968
15552969
15552970
15552971
15552972
15552973
15552974
15552975
15552976
15552977
15552978
15552979
15552980
15552981
15552982
15552983
15552984
15552985
15552986
15552987
15552988
15552989
15552990
15552991
15552992
15552993
15552994
15552995
15552996
15552997
15552998
15552999
15553000
15553001
15553002
15553003
15553004
15553005
15553006
15553007
15553008
15553009
15553010
15553011
15553012
15553013
15553014
15553015
15553016
15553017
15553018
15553019
15553020
15553021
15553022
15553023
15553024
15553025
15553026
15553027
15553028
15553029
15553030
15553031
15553032
15553033
15553034
15553035
15553036
15553037
15553038
15553039
15553040
15553041
15553042
15553043
15553044
15553045
15553046
15553047
15553048
15553049
15553050
15553051
15553052
15553053
15553054
15553055
15553056
15553057
15553058
15553059
15553060
15553061
15553062
15553063
15553064
15553065
15553066
15553067
15553068
15553069
15553070
15553071
15553072
15553073
15553074
15553075
15553076
15553077
15553078
15553079
15553080
15553081
15553082
15553083
15553084
15553085
15553086
15553087
15553088
15553089
15553090
15553091
15553092
15553093
15553094
15553095
15553096
15553097
15553098
15553099
15553100
15553101
15553102
15553103
15553104
15553105
15553106
15553107
15553108
15553109
15553110
15553111
15553112
15553113
15553114
15553115
15553116
15553117
15553118
15553119
15553120
15553121
15553122
15553123
15553124
15553125
15553126
15553127
15553128
15553129
15553130
15553131
15553132
15553133
15553134
15553135
15553136
15553137
15553138
15553139
15553140
15553141
15553142
15553143
15553144
15553145
15553146
15553147
15553148
15553149
15553150
15553151
15553152
15553153
15553154
15553155
15553156
15553157
15553158
15553159
15553160
15553161
15553162
15553163
15553164
15553165
15553166
15553167
15553168
15553169
15553170
15553171
15553172
15553173
15553174
15553175
15553176
15553177
15553178
15553179
15553180
15553181
15553182
15553183
15553184
15553185
15553186
15553187
15553188
15553189
15553190
15553191
15553192
15553193
15553194
15553195
15553196
15553197
15553198
15553199
15553200
15553201
15553202
15553203
15553204
15553205
15553206
15553207
15553208
15553209
15553210
15553211
15553212
15553213
15553214
15553215
15553216
15553217
15553218
15553219
15553220
15553221
15553222
15553223
15553224
15553225
15553226
15553227
15553228
15553229
15553230
15553231
15553232
15553233
15553234
15553235
15553236
15553237
15553238
15553239
15553240
15553241
15553242
15553243
15553244
15553245
15553246
15553247
15553248
15553249
15553250
15553251
15553252
15553253
15553254
15553255
15553256
15553257
15553258
15553259
15553260
15553261
15553262
15553263
15553264
15553265
15553266
15553267
15553268
15553269
15553270
15553271
15553272
15553273
15553274
15553275
15553276
15553277
15553278
15553279
15553280
15553281
15553282
15553283
15553284
15553285
15553286
15553287
15553288
15553289
15553290
15553291
15553292
15553293
15553294
15553295
15553296
15553297
15553298
15553299
15553300
15553301
15553302
15553303
15553304
15553305
15553306
15553307
15553308
15553309
15553310
15553311
15553312
15553313
15553314
15553315
15553316
15553317
15553318
15553319
15553320
15553321
15553322
15553323
15553324
15553325
15553326
15553327
15553328
15553329
15553330
15553331
15553332
15553333
15553334
15553335
15553336
15553337
15553338
15553339
15553340
15553341
15553342
15553343
15553344
15553345
15553346
15553347
15553348
15553349
15553350
15553351
15553352
15553353
15553354
15553355
15553356
15553357
15553358
15553359
15553360
15553361
15553362
15553363
15553364
15553365
15553366
15553367
15553368
15553369
15553370
15553371
15553372
15553373
15553374
15553375
15553376
15553377
15553378
15553379
15553380
15553381
15553382
15553383
15553384
15553385
15553386
15553387
15553388
15553389
15553390
15553391
15553392
15553393
15553394
15553395
15553396
15553397
15553398
15553399
15553400
15553401
15553402
15553403
15553404
15553405
15553406
15553407
15553408
15553409
15553410
15553411
15553412
15553413
15553414
15553415
15553416
15553417
15553418
15553419
15553420
15553421
15553422
15553423
15553424
15553425
15553426
15553427
15553428
15553429
15553430
15553431
15553432
15553433
15553434
15553435
15553436
15553437
15553438
15553439
15553440
15553441
15553442
15553443
15553444
15553445
15553446
15553447
15553448
15553449
15553450
15553451
15553452
15553453
15553454
15553455
15553456
15553457
15553458
15553459
15553460
15553461
15553462
15553463
15553464
15553465
15553466
15553467
15553468
15553469
15553470
15553471
15553472
15553473
15553474
15553475
15553476
15553477
15553478
15553479
15553480
15553481
15553482
15553483
15553484
15553485
15553486
15553487
15553488
15553489
15553490
15553491
15553492
15553493
15553494
15553495
15553496
15553497
15553498
15553499
15553500
15553501
15553502
15553503
15553504
15553505
15553506
15553507
15553508
15553509
15553510
15553511
15553512
15553513
15553514
15553515
15553516
15553517
15553518
15553519
15553520
15553521
15553522
15553523
15553524
15553525
15553526
15553527
15553528
15553529
15553530
15553531
15553532
15553533
15553534
15553535
15553536
15553537
15553538
15553539
15553540
15553541
15553542
15553543
15553544
15553545
15553546
15553547
15553548
15553549
15553550
15553551
15553552
15553553
15553554
15553555
15553556
15553557
15553558
15553559
15553560
15553561
15553562
15553563
15553564
15553565
15553566
15553567
15553568
15553569
15553570
15553571
15553572
15553573
15553574
15553575
15553576
15553577
15553578
15553579
15553580
15553581
15553582
15553583
15553584
15553585
15553586
15553587
15553588
15553589
15553590
15553591
15553592
15553593
15553594
15553595
15553596
15553597
15553598
15553599
15553600
15553601
15553602
15553603
15553604
15553605
15553606
15553607
15553608
15553609
15553610
15553611
15553612
15553613
15553614
15553615
15553616
15553617
15553618
15553619
15553620
15553621
15553622
15553623
15553624
15553625
15553626
15553627
15553628
15553629
15553630
15553631
15553632
15553633
15553634
15553635
15553636
15553637
15553638
15553639
15553640
15553641
15553642
15553643
15553644
15553645
15553646
15553647
15553648
15553649
15553650
15553651
15553652
15553653
15553654
15553655
15553656
15553657
15553658
15553659
15553660
15553661
15553662
15553663
15553664
15553665
15553666
15553667
15553668
15553669
15553670
15553671
15553672
15553673
15553674
15553675
15553676
15553677
15553678
15553679
15553680
15553681
15553682
15553683
15553684
15553685
15553686
15553687
15553688
15553689
15553690
15553691
15553692
15553693
15553694
15553695
15553696
15553697
15553698
15553699
15553700
15553701
15553702
15553703
15553704
15553705
15553706
15553707
15553708
15553709
15553710
15553711
15553712
15553713
15553714
15553715
15553716
15553717
15553718
15553719
15553720
15553721
15553722
15553723
15553724
15553725
15553726
15553727
15553728
15553729
15553730
15553731
15553732
15553733
15553734
15553735
15553736
15553737
15553738
15553739
15553740
15553741
15553742
15553743
15553744
15553745
15553746
15553747
15553748
15553749
15553750
15553751
15553752
15553753
15553754
15553755
15553756
15553757
15553758
15553759
15553760
15553761
15553762
15553763
15553764
15553765
15553766
15553767
15553768
15553769
15553770
15553771
15553772
15553773
15553774
15553775
15553776
15553777
15553778
15553779
15553780
15553781
15553782
15553783
15553784
15553785
15553786
15553787
15553788
15553789
15553790
15553791
15553792
15553793
15553794
15553795
15553796
15553797
15553798
15553799
15553800
15553801
15553802
15553803
15553804
15553805
15553806
15553807
15553808
15553809
15553810
15553811
15553812
15553813
15553814
15553815
15553816
15553817
15553818
15553819
15553820
15553821
15553822
15553823
15553824
15553825
15553826
15553827
15553828
15553829
15553830
15553831
15553832
15553833
15553834
15553835
15553836
15553837
15553838
15553839
15553840
15553841
15553842
15553843
15553844
15553845
15553846
15553847
15553848
15553849
15553850
15553851
15553852
15553853
15553854
15553855
15553856
15553857
15553858
15553859
15553860
15553861
15553862
15553863
15553864
15553865
15553866
15553867
15553868
15553869
15553870
15553871
15553872
15553873
15553874
15553875
15553876
15553877
15553878
15553879
15553880
15553881
15553882
15553883
15553884
15553885
15553886
15553887
15553888
15553889
15553890
15553891
15553892
15553893
15553894
15553895
15553896
15553897
15553898
15553899
15553900
15553901
15553902
15553903
15553904
15553905
15553906
15553907
15553908
15553909
15553910
15553911
15553912
15553913
15553914
15553915
15553916
15553917
15553918
15553919
15553920
15553921
15553922
15553923
15553924
15553925
15553926
15553927
15553928
15553929
15553930
15553931
15553932
15553933
15553934
15553935
15553936
15553937
15553938
15553939
15553940
15553941
15553942
15553943
15553944
15553945
15553946
15553947
15553948
15553949
15553950
15553951
15553952
15553953
15553954
15553955
15553956
15553957
15553958
15553959
15553960
15553961
15553962
15553963
15553964
15553965
15553966
15553967
15553968
15553969
15553970
15553971
15553972
15553973
15553974
15553975
15553976
15553977
15553978
15553979
15553980
15553981
15553982
15553983
15553984
15553985
15553986
15553987
15553988
15553989
15553990
15553991
15553992
15553993
15553994
15553995
15553996
15553997
15553998
15553999
15554000
15554001
15554002
15554003
15554004
15554005
15554006
15554007
15554008
15554009
15554010
15554011
15554012
15554013
15554014
15554015
15554016
15554017
15554018
15554019
15554020
15554021
15554022
15554023
15554024
15554025
15554026
15554027
15554028
15554029
15554030
15554031
15554032
15554033
15554034
15554035
15554036
15554037
15554038
15554039
15554040
15554041
15554042
15554043
15554044
15554045
15554046
15554047
15554048
15554049
15554050
15554051
15554052
15554053
15554054
15554055
15554056
15554057
15554058
15554059
15554060
15554061
15554062
15554063
15554064
15554065
15554066
15554067
15554068
15554069
15554070
15554071
15554072
15554073
15554074
15554075
15554076
15554077
15554078
15554079
15554080
15554081
15554082
15554083
15554084
15554085
15554086
15554087
15554088
15554089
15554090
15554091
15554092
15554093
15554094
15554095
15554096
15554097
15554098
15554099
15554100
15554101
15554102
15554103
15554104
15554105
15554106
15554107
15554108
15554109
15554110
15554111
15554112
15554113
15554114
15554115
15554116
15554117
15554118
15554119
15554120
15554121
15554122
15554123
15554124
15554125
15554126
15554127
15554128
15554129
15554130
15554131
15554132
15554133
15554134
15554135
15554136
15554137
15554138
15554139
15554140
15554141
15554142
15554143
15554144
15554145
15554146
15554147
15554148
15554149
15554150
15554151
15554152
15554153
15554154
15554155
15554156
15554157
15554158
15554159
15554160
15554161
15554162
15554163
15554164
15554165
15554166
15554167
15554168
15554169
15554170
15554171
15554172
15554173
15554174
15554175
15554176
15554177
15554178
15554179
15554180
15554181
15554182
15554183
15554184
15554185
15554186
15554187
15554188
15554189
15554190
15554191
15554192
15554193
15554194
15554195
15554196
15554197
15554198
15554199
15554200
15554201
15554202
15554203
15554204
15554205
15554206
15554207
15554208
15554209
15554210
15554211
15554212
15554213
15554214
15554215
15554216
15554217
15554218
15554219
15554220
15554221
15554222
15554223
15554224
15554225
15554226
15554227
15554228
15554229
15554230
15554231
15554232
15554233
15554234
15554235
15554236
15554237
15554238
15554239
15554240
15554241
15554242
15554243
15554244
15554245
15554246
15554247
15554248
15554249
15554250
15554251
15554252
15554253
15554254
15554255
15554256
15554257
15554258
15554259
15554260
15554261
15554262
15554263
15554264
15554265
15554266
15554267
15554268
15554269
15554270
15554271
15554272
15554273
15554274
15554275
15554276
15554277
15554278
15554279
15554280
15554281
15554282
15554283
15554284
15554285
15554286
15554287
15554288
15554289
15554290
15554291
15554292
15554293
15554294
15554295
15554296
15554297
15554298
15554299
15554300
15554301
15554302
15554303
15554304
15554305
15554306
15554307
15554308
15554309
15554310
15554311
15554312
15554313
15554314
15554315
15554316
15554317
15554318
15554319
15554320
15554321
15554322
15554323
15554324
15554325
15554326
15554327
15554328
15554329
15554330
15554331
15554332
15554333
15554334
15554335
15554336
15554337
15554338
15554339
15554340
15554341
15554342
15554343
15554344
15554345
15554346
15554347
15554348
15554349
15554350
15554351
15554352
15554353
15554354
15554355
15554356
15554357
15554358
15554359
15554360
15554361
15554362
15554363
15554364
15554365
15554366
15554367
15554368
15554369
15554370
15554371
15554372
15554373
15554374
15554375
15554376
15554377
15554378
15554379
15554380
15554381
15554382
15554383
15554384
15554385
15554386
15554387
15554388
15554389
15554390
15554391
15554392
15554393
15554394
15554395
15554396
15554397
15554398
15554399
15554400
15554401
15554402
15554403
15554404
15554405
15554406
15554407
15554408
15554409
15554410
15554411
15554412
15554413
15554414
15554415
15554416
15554417
15554418
15554419
15554420
15554421
15554422
15554423
15554424
15554425
15554426
15554427
15554428
15554429
15554430
15554431
15554432
15554433
15554434
15554435
15554436
15554437
15554438
15554439
15554440
15554441
15554442
15554443
15554444
15554445
15554446
15554447
15554448
15554449
15554450
15554451
15554452
15554453
15554454
15554455
15554456
15554457
15554458
15554459
15554460
15554461
15554462
15554463
15554464
15554465
15554466
15554467
15554468
15554469
15554470
15554471
15554472
15554473
15554474
15554475
15554476
15554477
15554478
15554479
15554480
15554481
15554482
15554483
15554484
15554485
15554486
15554487
15554488
15554489
15554490
15554491
15554492
15554493
15554494
15554495
15554496
15554497
15554498
15554499
15554500
15554501
15554502
15554503
15554504
15554505
15554506
15554507
15554508
15554509
15554510
15554511
15554512
15554513
15554514
15554515
15554516
15554517
15554518
15554519
15554520
15554521
15554522
15554523
15554524
15554525
15554526
15554527
15554528
15554529
15554530
15554531
15554532
15554533
15554534
15554535
15554536
15554537
15554538
15554539
15554540
15554541
15554542
15554543
15554544
15554545
15554546
15554547
15554548
15554549
15554550
15554551
15554552
15554553
15554554
15554555
15554556
15554557
15554558
15554559
15554560
15554561
15554562
15554563
15554564
15554565
15554566
15554567
15554568
15554569
15554570
15554571
15554572
15554573
15554574
15554575
15554576
15554577
15554578
15554579
15554580
15554581
15554582
15554583
15554584
15554585
15554586
15554587
15554588
15554589
15554590
15554591
15554592
15554593
15554594
15554595
15554596
15554597
15554598
15554599
15554600
15554601
15554602
15554603
15554604
15554605
15554606
15554607
15554608
15554609
15554610
15554611
15554612
15554613
15554614
15554615
15554616
15554617
15554618
15554619
15554620
15554621
15554622
15554623
15554624
15554625
15554626
15554627
15554628
15554629
15554630
15554631
15554632
15554633
15554634
15554635
15554636
15554637
15554638
15554639
15554640
15554641
15554642
15554643
15554644
15554645
15554646
15554647
15554648
15554649
15554650
15554651
15554652
15554653
15554654
15554655
15554656
15554657
15554658
15554659
15554660
15554661
15554662
15554663
15554664
15554665
15554666
15554667
15554668
15554669
15554670
15554671
15554672
15554673
15554674
15554675
15554676
15554677
15554678
15554679
15554680
15554681
15554682
15554683
15554684
15554685
15554686
15554687
15554688
15554689
15554690
15554691
15554692
15554693
15554694
15554695
15554696
15554697
15554698
15554699
15554700
15554701
15554702
15554703
15554704
15554705
15554706
15554707
15554708
15554709
15554710
15554711
15554712
15554713
15554714
15554715
15554716
15554717
15554718
15554719
15554720
15554721
15554722
15554723
15554724
15554725
15554726
15554727
15554728
15554729
15554730
15554731
15554732
15554733
15554734
15554735
15554736
15554737
15554738
15554739
15554740
15554741
15554742
15554743
15554744
15554745
15554746
15554747
15554748
15554749
15554750
15554751
15554752
15554753
15554754
15554755
15554756
15554757
15554758
15554759
15554760
15554761
15554762
15554763
15554764
15554765
15554766
15554767
15554768
15554769
15554770
15554771
15554772
15554773
15554774
15554775
15554776
15554777
15554778
15554779
15554780
15554781
15554782
15554783
15554784
15554785
15554786
15554787
15554788
15554789
15554790
15554791
15554792
15554793
15554794
15554795
15554796
15554797
15554798
15554799
15554800
15554801
15554802
15554803
15554804
15554805
15554806
15554807
15554808
15554809
15554810
15554811
15554812
15554813
15554814
15554815
15554816
15554817
15554818
15554819
15554820
15554821
15554822
15554823
15554824
15554825
15554826
15554827
15554828
15554829
15554830
15554831
15554832
15554833
15554834
15554835
15554836
15554837
15554838
15554839
15554840
15554841
15554842
15554843
15554844
15554845
15554846
15554847
15554848
15554849
15554850
15554851
15554852
15554853
15554854
15554855
15554856
15554857
15554858
15554859
15554860
15554861
15554862
15554863
15554864
15554865
15554866
15554867
15554868
15554869
15554870
15554871
15554872
15554873
15554874
15554875
15554876
15554877
15554878
15554879
15554880
15554881
15554882
15554883
15554884
15554885
15554886
15554887
15554888
15554889
15554890
15554891
15554892
15554893
15554894
15554895
15554896
15554897
15554898
15554899
15554900
15554901
15554902
15554903
15554904
15554905
15554906
15554907
15554908
15554909
15554910
15554911
15554912
15554913
15554914
15554915
15554916
15554917
15554918
15554919
15554920
15554921
15554922
15554923
15554924
15554925
15554926
15554927
15554928
15554929
15554930
15554931
15554932
15554933
15554934
15554935
15554936
15554937
15554938
15554939
15554940
15554941
15554942
15554943
15554944
15554945
15554946
15554947
15554948
15554949
15554950
15554951
15554952
15554953
15554954
15554955
15554956
15554957
15554958
15554959
15554960
15554961
15554962
15554963
15554964
15554965
15554966
15554967
15554968
15554969
15554970
15554971
15554972
15554973
15554974
15554975
15554976
15554977
15554978
15554979
15554980
15554981
15554982
15554983
15554984
15554985
15554986
15554987
15554988
15554989
15554990
15554991
15554992
15554993
15554994
15554995
15554996
15554997
15554998
15554999
15555000
15555001
15555002
15555003
15555004
15555005
15555006
15555007
15555008
15555009
15555010
15555011
15555012
15555013
15555014
15555015
15555016
15555017
15555018
15555019
15555020
15555021
15555022
15555023
15555024
15555025
15555026
15555027
15555028
15555029
15555030
15555031
15555032
15555033
15555034
15555035
15555036
15555037
15555038
15555039
15555040
15555041
15555042
15555043
15555044
15555045
15555046
15555047
15555048
15555049
15555050
15555051
15555052
15555053
15555054
15555055
15555056
15555057
15555058
15555059
15555060
15555061
15555062
15555063
15555064
15555065
15555066
15555067
15555068
15555069
15555070
15555071
15555072
15555073
15555074
15555075
15555076
15555077
15555078
15555079
15555080
15555081
15555082
15555083
15555084
15555085
15555086
15555087
15555088
15555089
15555090
15555091
15555092
15555093
15555094
15555095
15555096
15555097
15555098
15555099
15555100
15555101
15555102
15555103
15555104
15555105
15555106
15555107
15555108
15555109
15555110
15555111
15555112
15555113
15555114
15555115
15555116
15555117
15555118
15555119
15555120
15555121
15555122
15555123
15555124
15555125
15555126
15555127
15555128
15555129
15555130
15555131
15555132
15555133
15555134
15555135
15555136
15555137
15555138
15555139
15555140
15555141
15555142
15555143
15555144
15555145
15555146
15555147
15555148
15555149
15555150
15555151
15555152
15555153
15555154
15555155
15555156
15555157
15555158
15555159
15555160
15555161
15555162
15555163
15555164
15555165
15555166
15555167
15555168
15555169
15555170
15555171
15555172
15555173
15555174
15555175
15555176
15555177
15555178
15555179
15555180
15555181
15555182
15555183
15555184
15555185
15555186
15555187
15555188
15555189
15555190
15555191
15555192
15555193
15555194
15555195
15555196
15555197
15555198
15555199
15555200
15555201
15555202
15555203
15555204
15555205
15555206
15555207
15555208
15555209
15555210
15555211
15555212
15555213
15555214
15555215
15555216
15555217
15555218
15555219
15555220
15555221
15555222
15555223
15555224
15555225
15555226
15555227
15555228
15555229
15555230
15555231
15555232
15555233
15555234
15555235
15555236
15555237
15555238
15555239
15555240
15555241
15555242
15555243
15555244
15555245
15555246
15555247
15555248
15555249
15555250
15555251
15555252
15555253
15555254
15555255
15555256
15555257
15555258
15555259
15555260
15555261
15555262
15555263
15555264
15555265
15555266
15555267
15555268
15555269
15555270
15555271
15555272
15555273
15555274
15555275
15555276
15555277
15555278
15555279
15555280
15555281
15555282
15555283
15555284
15555285
15555286
15555287
15555288
15555289
15555290
15555291
15555292
15555293
15555294
15555295
15555296
15555297
15555298
15555299
15555300
15555301
15555302
15555303
15555304
15555305
15555306
15555307
15555308
15555309
15555310
15555311
15555312
15555313
15555314
15555315
15555316
15555317
15555318
15555319
15555320
15555321
15555322
15555323
15555324
15555325
15555326
15555327
15555328
15555329
15555330
15555331
15555332
15555333
15555334
15555335
15555336
15555337
15555338
15555339
15555340
15555341
15555342
15555343
15555344
15555345
15555346
15555347
15555348
15555349
15555350
15555351
15555352
15555353
15555354
15555355
15555356
15555357
15555358
15555359
15555360
15555361
15555362
15555363
15555364
15555365
15555366
15555367
15555368
15555369
15555370
15555371
15555372
15555373
15555374
15555375
15555376
15555377
15555378
15555379
15555380
15555381
15555382
15555383
15555384
15555385
15555386
15555387
15555388
15555389
15555390
15555391
15555392
15555393
15555394
15555395
15555396
15555397
15555398
15555399
15555400
15555401
15555402
15555403
15555404
15555405
15555406
15555407
15555408
15555409
15555410
15555411
15555412
15555413
15555414
15555415
15555416
15555417
15555418
15555419
15555420
15555421
15555422
15555423
15555424
15555425
15555426
15555427
15555428
15555429
15555430
15555431
15555432
15555433
15555434
15555435
15555436
15555437
15555438
15555439
15555440
15555441
15555442
15555443
15555444
15555445
15555446
15555447
15555448
15555449
15555450
15555451
15555452
15555453
15555454
15555455
15555456
15555457
15555458
15555459
15555460
15555461
15555462
15555463
15555464
15555465
15555466
15555467
15555468
15555469
15555470
15555471
15555472
15555473
15555474
15555475
15555476
15555477
15555478
15555479
15555480
15555481
15555482
15555483
15555484
15555485
15555486
15555487
15555488
15555489
15555490
15555491
15555492
15555493
15555494
15555495
15555496
15555497
15555498
15555499
15555500
15555501
15555502
15555503
15555504
15555505
15555506
15555507
15555508
15555509
15555510
15555511
15555512
15555513
15555514
15555515
15555516
15555517
15555518
15555519
15555520
15555521
15555522
15555523
15555524
15555525
15555526
15555527
15555528
15555529
15555530
15555531
15555532
15555533
15555534
15555535
15555536
15555537
15555538
15555539
15555540
15555541
15555542
15555543
15555544
15555545
15555546
15555547
15555548
15555549
15555550
15555551
15555552
15555553
15555554
15555555
15555556
15555557
15555558
15555559
15555560
15555561
15555562
15555563
15555564
15555565
15555566
15555567
15555568
15555569
15555570
15555571
15555572
15555573
15555574
15555575
15555576
15555577
15555578
15555579
15555580
15555581
15555582
15555583
15555584
15555585
15555586
15555587
15555588
15555589
15555590
15555591
15555592
15555593
15555594
15555595
15555596
15555597
15555598
15555599
15555600
15555601
15555602
15555603
15555604
15555605
15555606
15555607
15555608
15555609
15555610
15555611
15555612
15555613
15555614
15555615
15555616
15555617
15555618
15555619
15555620
15555621
15555622
15555623
15555624
15555625
15555626
15555627
15555628
15555629
15555630
15555631
15555632
15555633
15555634
15555635
15555636
15555637
15555638
15555639
15555640
15555641
15555642
15555643
15555644
15555645
15555646
15555647
15555648
15555649
15555650
15555651
15555652
15555653
15555654
15555655
15555656
15555657
15555658
15555659
15555660
15555661
15555662
15555663
15555664
15555665
15555666
15555667
15555668
15555669
15555670
15555671
15555672
15555673
15555674
15555675
15555676
15555677
15555678
15555679
15555680
15555681
15555682
15555683
15555684
15555685
15555686
15555687
15555688
15555689
15555690
15555691
15555692
15555693
15555694
15555695
15555696
15555697
15555698
15555699
15555700
15555701
15555702
15555703
15555704
15555705
15555706
15555707
15555708
15555709
15555710
15555711
15555712
15555713
15555714
15555715
15555716
15555717
15555718
15555719
15555720
15555721
15555722
15555723
15555724
15555725
15555726
15555727
15555728
15555729
15555730
15555731
15555732
15555733
15555734
15555735
15555736
15555737
15555738
15555739
15555740
15555741
15555742
15555743
15555744
15555745
15555746
15555747
15555748
15555749
15555750
15555751
15555752
15555753
15555754
15555755
15555756
15555757
15555758
15555759
15555760
15555761
15555762
15555763
15555764
15555765
15555766
15555767
15555768
15555769
15555770
15555771
15555772
15555773
15555774
15555775
15555776
15555777
15555778
15555779
15555780
15555781
15555782
15555783
15555784
15555785
15555786
15555787
15555788
15555789
15555790
15555791
15555792
15555793
15555794
15555795
15555796
15555797
15555798
15555799
15555800
15555801
15555802
15555803
15555804
15555805
15555806
15555807
15555808
15555809
15555810
15555811
15555812
15555813
15555814
15555815
15555816
15555817
15555818
15555819
15555820
15555821
15555822
15555823
15555824
15555825
15555826
15555827
15555828
15555829
15555830
15555831
15555832
15555833
15555834
15555835
15555836
15555837
15555838
15555839
15555840
15555841
15555842
15555843
15555844
15555845
15555846
15555847
15555848
15555849
15555850
15555851
15555852
15555853
15555854
15555855
15555856
15555857
15555858
15555859
15555860
15555861
15555862
15555863
15555864
15555865
15555866
15555867
15555868
15555869
15555870
15555871
15555872
15555873
15555874
15555875
15555876
15555877
15555878
15555879
15555880
15555881
15555882
15555883
15555884
15555885
15555886
15555887
15555888
15555889
15555890
15555891
15555892
15555893
15555894
15555895
15555896
15555897
15555898
15555899
15555900
15555901
15555902
15555903
15555904
15555905
15555906
15555907
15555908
15555909
15555910
15555911
15555912
15555913
15555914
15555915
15555916
15555917
15555918
15555919
15555920
15555921
15555922
15555923
15555924
15555925
15555926
15555927
15555928
15555929
15555930
15555931
15555932
15555933
15555934
15555935
15555936
15555937
15555938
15555939
15555940
15555941
15555942
15555943
15555944
15555945
15555946
15555947
15555948
15555949
15555950
15555951
15555952
15555953
15555954
15555955
15555956
15555957
15555958
15555959
15555960
15555961
15555962
15555963
15555964
15555965
15555966
15555967
15555968
15555969
15555970
15555971
15555972
15555973
15555974
15555975
15555976
15555977
15555978
15555979
15555980
15555981
15555982
15555983
15555984
15555985
15555986
15555987
15555988
15555989
15555990
15555991
15555992
15555993
15555994
15555995
15555996
15555997
15555998
15555999
15556000
15556001
15556002
15556003
15556004
15556005
15556006
15556007
15556008
15556009
15556010
15556011
15556012
15556013
15556014
15556015
15556016
15556017
15556018
15556019
15556020
15556021
15556022
15556023
15556024
15556025
15556026
15556027
15556028
15556029
15556030
15556031
15556032
15556033
15556034
15556035
15556036
15556037
15556038
15556039
15556040
15556041
15556042
15556043
15556044
15556045
15556046
15556047
15556048
15556049
15556050
15556051
15556052
15556053
15556054
15556055
15556056
15556057
15556058
15556059
15556060
15556061
15556062
15556063
15556064
15556065
15556066
15556067
15556068
15556069
15556070
15556071
15556072
15556073
15556074
15556075
15556076
15556077
15556078
15556079
15556080
15556081
15556082
15556083
15556084
15556085
15556086
15556087
15556088
15556089
15556090
15556091
15556092
15556093
15556094
15556095
15556096
15556097
15556098
15556099
15556100
15556101
15556102
15556103
15556104
15556105
15556106
15556107
15556108
15556109
15556110
15556111
15556112
15556113
15556114
15556115
15556116
15556117
15556118
15556119
15556120
15556121
15556122
15556123
15556124
15556125
15556126
15556127
15556128
15556129
15556130
15556131
15556132
15556133
15556134
15556135
15556136
15556137
15556138
15556139
15556140
15556141
15556142
15556143
15556144
15556145
15556146
15556147
15556148
15556149
15556150
15556151
15556152
15556153
15556154
15556155
15556156
15556157
15556158
15556159
15556160
15556161
15556162
15556163
15556164
15556165
15556166
15556167
15556168
15556169
15556170
15556171
15556172
15556173
15556174
15556175
15556176
15556177
15556178
15556179
15556180
15556181
15556182
15556183
15556184
15556185
15556186
15556187
15556188
15556189
15556190
15556191
15556192
15556193
15556194
15556195
15556196
15556197
15556198
15556199
15556200
15556201
15556202
15556203
15556204
15556205
15556206
15556207
15556208
15556209
15556210
15556211
15556212
15556213
15556214
15556215
15556216
15556217
15556218
15556219
15556220
15556221
15556222
15556223
15556224
15556225
15556226
15556227
15556228
15556229
15556230
15556231
15556232
15556233
15556234
15556235
15556236
15556237
15556238
15556239
15556240
15556241
15556242
15556243
15556244
15556245
15556246
15556247
15556248
15556249
15556250
15556251
15556252
15556253
15556254
15556255
15556256
15556257
15556258
15556259
15556260
15556261
15556262
15556263
15556264
15556265
15556266
15556267
15556268
15556269
15556270
15556271
15556272
15556273
15556274
15556275
15556276
15556277
15556278
15556279
15556280
15556281
15556282
15556283
15556284
15556285
15556286
15556287
15556288
15556289
15556290
15556291
15556292
15556293
15556294
15556295
15556296
15556297
15556298
15556299
15556300
15556301
15556302
15556303
15556304
15556305
15556306
15556307
15556308
15556309
15556310
15556311
15556312
15556313
15556314
15556315
15556316
15556317
15556318
15556319
15556320
15556321
15556322
15556323
15556324
15556325
15556326
15556327
15556328
15556329
15556330
15556331
15556332
15556333
15556334
15556335
15556336
15556337
15556338
15556339
15556340
15556341
15556342
15556343
15556344
15556345
15556346
15556347
15556348
15556349
15556350
15556351
15556352
15556353
15556354
15556355
15556356
15556357
15556358
15556359
15556360
15556361
15556362
15556363
15556364
15556365
15556366
15556367
15556368
15556369
15556370
15556371
15556372
15556373
15556374
15556375
15556376
15556377
15556378
15556379
15556380
15556381
15556382
15556383
15556384
15556385
15556386
15556387
15556388
15556389
15556390
15556391
15556392
15556393
15556394
15556395
15556396
15556397
15556398
15556399
15556400
15556401
15556402
15556403
15556404
15556405
15556406
15556407
15556408
15556409
15556410
15556411
15556412
15556413
15556414
15556415
15556416
15556417
15556418
15556419
15556420
15556421
15556422
15556423
15556424
15556425
15556426
15556427
15556428
15556429
15556430
15556431
15556432
15556433
15556434
15556435
15556436
15556437
15556438
15556439
15556440
15556441
15556442
15556443
15556444
15556445
15556446
15556447
15556448
15556449
15556450
15556451
15556452
15556453
15556454
15556455
15556456
15556457
15556458
15556459
15556460
15556461
15556462
15556463
15556464
15556465
15556466
15556467
15556468
15556469
15556470
15556471
15556472
15556473
15556474
15556475
15556476
15556477
15556478
15556479
15556480
15556481
15556482
15556483
15556484
15556485
15556486
15556487
15556488
15556489
15556490
15556491
15556492
15556493
15556494
15556495
15556496
15556497
15556498
15556499
15556500
15556501
15556502
15556503
15556504
15556505
15556506
15556507
15556508
15556509
15556510
15556511
15556512
15556513
15556514
15556515
15556516
15556517
15556518
15556519
15556520
15556521
15556522
15556523
15556524
15556525
15556526
15556527
15556528
15556529
15556530
15556531
15556532
15556533
15556534
15556535
15556536
15556537
15556538
15556539
15556540
15556541
15556542
15556543
15556544
15556545
15556546
15556547
15556548
15556549
15556550
15556551
15556552
15556553
15556554
15556555
15556556
15556557
15556558
15556559
15556560
15556561
15556562
15556563
15556564
15556565
15556566
15556567
15556568
15556569
15556570
15556571
15556572
15556573
15556574
15556575
15556576
15556577
15556578
15556579
15556580
15556581
15556582
15556583
15556584
15556585
15556586
15556587
15556588
15556589
15556590
15556591
15556592
15556593
15556594
15556595
15556596
15556597
15556598
15556599
15556600
15556601
15556602
15556603
15556604
15556605
15556606
15556607
15556608
15556609
15556610
15556611
15556612
15556613
15556614
15556615
15556616
15556617
15556618
15556619
15556620
15556621
15556622
15556623
15556624
15556625
15556626
15556627
15556628
15556629
15556630
15556631
15556632
15556633
15556634
15556635
15556636
15556637
15556638
15556639
15556640
15556641
15556642
15556643
15556644
15556645
15556646
15556647
15556648
15556649
15556650
15556651
15556652
15556653
15556654
15556655
15556656
15556657
15556658
15556659
15556660
15556661
15556662
15556663
15556664
15556665
15556666
15556667
15556668
15556669
15556670
15556671
15556672
15556673
15556674
15556675
15556676
15556677
15556678
15556679
15556680
15556681
15556682
15556683
15556684
15556685
15556686
15556687
15556688
15556689
15556690
15556691
15556692
15556693
15556694
15556695
15556696
15556697
15556698
15556699
15556700
15556701
15556702
15556703
15556704
15556705
15556706
15556707
15556708
15556709
15556710
15556711
15556712
15556713
15556714
15556715
15556716
15556717
15556718
15556719
15556720
15556721
15556722
15556723
15556724
15556725
15556726
15556727
15556728
15556729
15556730
15556731
15556732
15556733
15556734
15556735
15556736
15556737
15556738
15556739
15556740
15556741
15556742
15556743
15556744
15556745
15556746
15556747
15556748
15556749
15556750
15556751
15556752
15556753
15556754
15556755
15556756
15556757
15556758
15556759
15556760
15556761
15556762
15556763
15556764
15556765
15556766
15556767
15556768
15556769
15556770
15556771
15556772
15556773
15556774
15556775
15556776
15556777
15556778
15556779
15556780
15556781
15556782
15556783
15556784
15556785
15556786
15556787
15556788
15556789
15556790
15556791
15556792
15556793
15556794
15556795
15556796
15556797
15556798
15556799
15556800
15556801
15556802
15556803
15556804
15556805
15556806
15556807
15556808
15556809
15556810
15556811
15556812
15556813
15556814
15556815
15556816
15556817
15556818
15556819
15556820
15556821
15556822
15556823
15556824
15556825
15556826
15556827
15556828
15556829
15556830
15556831
15556832
15556833
15556834
15556835
15556836
15556837
15556838
15556839
15556840
15556841
15556842
15556843
15556844
15556845
15556846
15556847
15556848
15556849
15556850
15556851
15556852
15556853
15556854
15556855
15556856
15556857
15556858
15556859
15556860
15556861
15556862
15556863
15556864
15556865
15556866
15556867
15556868
15556869
15556870
15556871
15556872
15556873
15556874
15556875
15556876
15556877
15556878
15556879
15556880
15556881
15556882
15556883
15556884
15556885
15556886
15556887
15556888
15556889
15556890
15556891
15556892
15556893
15556894
15556895
15556896
15556897
15556898
15556899
15556900
15556901
15556902
15556903
15556904
15556905
15556906
15556907
15556908
15556909
15556910
15556911
15556912
15556913
15556914
15556915
15556916
15556917
15556918
15556919
15556920
15556921
15556922
15556923
15556924
15556925
15556926
15556927
15556928
15556929
15556930
15556931
15556932
15556933
15556934
15556935
15556936
15556937
15556938
15556939
15556940
15556941
15556942
15556943
15556944
15556945
15556946
15556947
15556948
15556949
15556950
15556951
15556952
15556953
15556954
15556955
15556956
15556957
15556958
15556959
15556960
15556961
15556962
15556963
15556964
15556965
15556966
15556967
15556968
15556969
15556970
15556971
15556972
15556973
15556974
15556975
15556976
15556977
15556978
15556979
15556980
15556981
15556982
15556983
15556984
15556985
15556986
15556987
15556988
15556989
15556990
15556991
15556992
15556993
15556994
15556995
15556996
15556997
15556998
15556999
15557000
15557001
15557002
15557003
15557004
15557005
15557006
15557007
15557008
15557009
15557010
15557011
15557012
15557013
15557014
15557015
15557016
15557017
15557018
15557019
15557020
15557021
15557022
15557023
15557024
15557025
15557026
15557027
15557028
15557029
15557030
15557031
15557032
15557033
15557034
15557035
15557036
15557037
15557038
15557039
15557040
15557041
15557042
15557043
15557044
15557045
15557046
15557047
15557048
15557049
15557050
15557051
15557052
15557053
15557054
15557055
15557056
15557057
15557058
15557059
15557060
15557061
15557062
15557063
15557064
15557065
15557066
15557067
15557068
15557069
15557070
15557071
15557072
15557073
15557074
15557075
15557076
15557077
15557078
15557079
15557080
15557081
15557082
15557083
15557084
15557085
15557086
15557087
15557088
15557089
15557090
15557091
15557092
15557093
15557094
15557095
15557096
15557097
15557098
15557099
15557100
15557101
15557102
15557103
15557104
15557105
15557106
15557107
15557108
15557109
15557110
15557111
15557112
15557113
15557114
15557115
15557116
15557117
15557118
15557119
15557120
15557121
15557122
15557123
15557124
15557125
15557126
15557127
15557128
15557129
15557130
15557131
15557132
15557133
15557134
15557135
15557136
15557137
15557138
15557139
15557140
15557141
15557142
15557143
15557144
15557145
15557146
15557147
15557148
15557149
15557150
15557151
15557152
15557153
15557154
15557155
15557156
15557157
15557158
15557159
15557160
15557161
15557162
15557163
15557164
15557165
15557166
15557167
15557168
15557169
15557170
15557171
15557172
15557173
15557174
15557175
15557176
15557177
15557178
15557179
15557180
15557181
15557182
15557183
15557184
15557185
15557186
15557187
15557188
15557189
15557190
15557191
15557192
15557193
15557194
15557195
15557196
15557197
15557198
15557199
15557200
15557201
15557202
15557203
15557204
15557205
15557206
15557207
15557208
15557209
15557210
15557211
15557212
15557213
15557214
15557215
15557216
15557217
15557218
15557219
15557220
15557221
15557222
15557223
15557224
15557225
15557226
15557227
15557228
15557229
15557230
15557231
15557232
15557233
15557234
15557235
15557236
15557237
15557238
15557239
15557240
15557241
15557242
15557243
15557244
15557245
15557246
15557247
15557248
15557249
15557250
15557251
15557252
15557253
15557254
15557255
15557256
15557257
15557258
15557259
15557260
15557261
15557262
15557263
15557264
15557265
15557266
15557267
15557268
15557269
15557270
15557271
15557272
15557273
15557274
15557275
15557276
15557277
15557278
15557279
15557280
15557281
15557282
15557283
15557284
15557285
15557286
15557287
15557288
15557289
15557290
15557291
15557292
15557293
15557294
15557295
15557296
15557297
15557298
15557299
15557300
15557301
15557302
15557303
15557304
15557305
15557306
15557307
15557308
15557309
15557310
15557311
15557312
15557313
15557314
15557315
15557316
15557317
15557318
15557319
15557320
15557321
15557322
15557323
15557324
15557325
15557326
15557327
15557328
15557329
15557330
15557331
15557332
15557333
15557334
15557335
15557336
15557337
15557338
15557339
15557340
15557341
15557342
15557343
15557344
15557345
15557346
15557347
15557348
15557349
15557350
15557351
15557352
15557353
15557354
15557355
15557356
15557357
15557358
15557359
15557360
15557361
15557362
15557363
15557364
15557365
15557366
15557367
15557368
15557369
15557370
15557371
15557372
15557373
15557374
15557375
15557376
15557377
15557378
15557379
15557380
15557381
15557382
15557383
15557384
15557385
15557386
15557387
15557388
15557389
15557390
15557391
15557392
15557393
15557394
15557395
15557396
15557397
15557398
15557399
15557400
15557401
15557402
15557403
15557404
15557405
15557406
15557407
15557408
15557409
15557410
15557411
15557412
15557413
15557414
15557415
15557416
15557417
15557418
15557419
15557420
15557421
15557422
15557423
15557424
15557425
15557426
15557427
15557428
15557429
15557430
15557431
15557432
15557433
15557434
15557435
15557436
15557437
15557438
15557439
15557440
15557441
15557442
15557443
15557444
15557445
15557446
15557447
15557448
15557449
15557450
15557451
15557452
15557453
15557454
15557455
15557456
15557457
15557458
15557459
15557460
15557461
15557462
15557463
15557464
15557465
15557466
15557467
15557468
15557469
15557470
15557471
15557472
15557473
15557474
15557475
15557476
15557477
15557478
15557479
15557480
15557481
15557482
15557483
15557484
15557485
15557486
15557487
15557488
15557489
15557490
15557491
15557492
15557493
15557494
15557495
15557496
15557497
15557498
15557499
15557500
15557501
15557502
15557503
15557504
15557505
15557506
15557507
15557508
15557509
15557510
15557511
15557512
15557513
15557514
15557515
15557516
15557517
15557518
15557519
15557520
15557521
15557522
15557523
15557524
15557525
15557526
15557527
15557528
15557529
15557530
15557531
15557532
15557533
15557534
15557535
15557536
15557537
15557538
15557539
15557540
15557541
15557542
15557543
15557544
15557545
15557546
15557547
15557548
15557549
15557550
15557551
15557552
15557553
15557554
15557555
15557556
15557557
15557558
15557559
15557560
15557561
15557562
15557563
15557564
15557565
15557566
15557567
15557568
15557569
15557570
15557571
15557572
15557573
15557574
15557575
15557576
15557577
15557578
15557579
15557580
15557581
15557582
15557583
15557584
15557585
15557586
15557587
15557588
15557589
15557590
15557591
15557592
15557593
15557594
15557595
15557596
15557597
15557598
15557599
15557600
15557601
15557602
15557603
15557604
15557605
15557606
15557607
15557608
15557609
15557610
15557611
15557612
15557613
15557614
15557615
15557616
15557617
15557618
15557619
15557620
15557621
15557622
15557623
15557624
15557625
15557626
15557627
15557628
15557629
15557630
15557631
15557632
15557633
15557634
15557635
15557636
15557637
15557638
15557639
15557640
15557641
15557642
15557643
15557644
15557645
15557646
15557647
15557648
15557649
15557650
15557651
15557652
15557653
15557654
15557655
15557656
15557657
15557658
15557659
15557660
15557661
15557662
15557663
15557664
15557665
15557666
15557667
15557668
15557669
15557670
15557671
15557672
15557673
15557674
15557675
15557676
15557677
15557678
15557679
15557680
15557681
15557682
15557683
15557684
15557685
15557686
15557687
15557688
15557689
15557690
15557691
15557692
15557693
15557694
15557695
15557696
15557697
15557698
15557699
15557700
15557701
15557702
15557703
15557704
15557705
15557706
15557707
15557708
15557709
15557710
15557711
15557712
15557713
15557714
15557715
15557716
15557717
15557718
15557719
15557720
15557721
15557722
15557723
15557724
15557725
15557726
15557727
15557728
15557729
15557730
15557731
15557732
15557733
15557734
15557735
15557736
15557737
15557738
15557739
15557740
15557741
15557742
15557743
15557744
15557745
15557746
15557747
15557748
15557749
15557750
15557751
15557752
15557753
15557754
15557755
15557756
15557757
15557758
15557759
15557760
15557761
15557762
15557763
15557764
15557765
15557766
15557767
15557768
15557769
15557770
15557771
15557772
15557773
15557774
15557775
15557776
15557777
15557778
15557779
15557780
15557781
15557782
15557783
15557784
15557785
15557786
15557787
15557788
15557789
15557790
15557791
15557792
15557793
15557794
15557795
15557796
15557797
15557798
15557799
15557800
15557801
15557802
15557803
15557804
15557805
15557806
15557807
15557808
15557809
15557810
15557811
15557812
15557813
15557814
15557815
15557816
15557817
15557818
15557819
15557820
15557821
15557822
15557823
15557824
15557825
15557826
15557827
15557828
15557829
15557830
15557831
15557832
15557833
15557834
15557835
15557836
15557837
15557838
15557839
15557840
15557841
15557842
15557843
15557844
15557845
15557846
15557847
15557848
15557849
15557850
15557851
15557852
15557853
15557854
15557855
15557856
15557857
15557858
15557859
15557860
15557861
15557862
15557863
15557864
15557865
15557866
15557867
15557868
15557869
15557870
15557871
15557872
15557873
15557874
15557875
15557876
15557877
15557878
15557879
15557880
15557881
15557882
15557883
15557884
15557885
15557886
15557887
15557888
15557889
15557890
15557891
15557892
15557893
15557894
15557895
15557896
15557897
15557898
15557899
15557900
15557901
15557902
15557903
15557904
15557905
15557906
15557907
15557908
15557909
15557910
15557911
15557912
15557913
15557914
15557915
15557916
15557917
15557918
15557919
15557920
15557921
15557922
15557923
15557924
15557925
15557926
15557927
15557928
15557929
15557930
15557931
15557932
15557933
15557934
15557935
15557936
15557937
15557938
15557939
15557940
15557941
15557942
15557943
15557944
15557945
15557946
15557947
15557948
15557949
15557950
15557951
15557952
15557953
15557954
15557955
15557956
15557957
15557958
15557959
15557960
15557961
15557962
15557963
15557964
15557965
15557966
15557967
15557968
15557969
15557970
15557971
15557972
15557973
15557974
15557975
15557976
15557977
15557978
15557979
15557980
15557981
15557982
15557983
15557984
15557985
15557986
15557987
15557988
15557989
15557990
15557991
15557992
15557993
15557994
15557995
15557996
15557997
15557998
15557999
15558000
15558001
15558002
15558003
15558004
15558005
15558006
15558007
15558008
15558009
15558010
15558011
15558012
15558013
15558014
15558015
15558016
15558017
15558018
15558019
15558020
15558021
15558022
15558023
15558024
15558025
15558026
15558027
15558028
15558029
15558030
15558031
15558032
15558033
15558034
15558035
15558036
15558037
15558038
15558039
15558040
15558041
15558042
15558043
15558044
15558045
15558046
15558047
15558048
15558049
15558050
15558051
15558052
15558053
15558054
15558055
15558056
15558057
15558058
15558059
15558060
15558061
15558062
15558063
15558064
15558065
15558066
15558067
15558068
15558069
15558070
15558071
15558072
15558073
15558074
15558075
15558076
15558077
15558078
15558079
15558080
15558081
15558082
15558083
15558084
15558085
15558086
15558087
15558088
15558089
15558090
15558091
15558092
15558093
15558094
15558095
15558096
15558097
15558098
15558099
15558100
15558101
15558102
15558103
15558104
15558105
15558106
15558107
15558108
15558109
15558110
15558111
15558112
15558113
15558114
15558115
15558116
15558117
15558118
15558119
15558120
15558121
15558122
15558123
15558124
15558125
15558126
15558127
15558128
15558129
15558130
15558131
15558132
15558133
15558134
15558135
15558136
15558137
15558138
15558139
15558140
15558141
15558142
15558143
15558144
15558145
15558146
15558147
15558148
15558149
15558150
15558151
15558152
15558153
15558154
15558155
15558156
15558157
15558158
15558159
15558160
15558161
15558162
15558163
15558164
15558165
15558166
15558167
15558168
15558169
15558170
15558171
15558172
15558173
15558174
15558175
15558176
15558177
15558178
15558179
15558180
15558181
15558182
15558183
15558184
15558185
15558186
15558187
15558188
15558189
15558190
15558191
15558192
15558193
15558194
15558195
15558196
15558197
15558198
15558199
15558200
15558201
15558202
15558203
15558204
15558205
15558206
15558207
15558208
15558209
15558210
15558211
15558212
15558213
15558214
15558215
15558216
15558217
15558218
15558219
15558220
15558221
15558222
15558223
15558224
15558225
15558226
15558227
15558228
15558229
15558230
15558231
15558232
15558233
15558234
15558235
15558236
15558237
15558238
15558239
15558240
15558241
15558242
15558243
15558244
15558245
15558246
15558247
15558248
15558249
15558250
15558251
15558252
15558253
15558254
15558255
15558256
15558257
15558258
15558259
15558260
15558261
15558262
15558263
15558264
15558265
15558266
15558267
15558268
15558269
15558270
15558271
15558272
15558273
15558274
15558275
15558276
15558277
15558278
15558279
15558280
15558281
15558282
15558283
15558284
15558285
15558286
15558287
15558288
15558289
15558290
15558291
15558292
15558293
15558294
15558295
15558296
15558297
15558298
15558299
15558300
15558301
15558302
15558303
15558304
15558305
15558306
15558307
15558308
15558309
15558310
15558311
15558312
15558313
15558314
15558315
15558316
15558317
15558318
15558319
15558320
15558321
15558322
15558323
15558324
15558325
15558326
15558327
15558328
15558329
15558330
15558331
15558332
15558333
15558334
15558335
15558336
15558337
15558338
15558339
15558340
15558341
15558342
15558343
15558344
15558345
15558346
15558347
15558348
15558349
15558350
15558351
15558352
15558353
15558354
15558355
15558356
15558357
15558358
15558359
15558360
15558361
15558362
15558363
15558364
15558365
15558366
15558367
15558368
15558369
15558370
15558371
15558372
15558373
15558374
15558375
15558376
15558377
15558378
15558379
15558380
15558381
15558382
15558383
15558384
15558385
15558386
15558387
15558388
15558389
15558390
15558391
15558392
15558393
15558394
15558395
15558396
15558397
15558398
15558399
15558400
15558401
15558402
15558403
15558404
15558405
15558406
15558407
15558408
15558409
15558410
15558411
15558412
15558413
15558414
15558415
15558416
15558417
15558418
15558419
15558420
15558421
15558422
15558423
15558424
15558425
15558426
15558427
15558428
15558429
15558430
15558431
15558432
15558433
15558434
15558435
15558436
15558437
15558438
15558439
15558440
15558441
15558442
15558443
15558444
15558445
15558446
15558447
15558448
15558449
15558450
15558451
15558452
15558453
15558454
15558455
15558456
15558457
15558458
15558459
15558460
15558461
15558462
15558463
15558464
15558465
15558466
15558467
15558468
15558469
15558470
15558471
15558472
15558473
15558474
15558475
15558476
15558477
15558478
15558479
15558480
15558481
15558482
15558483
15558484
15558485
15558486
15558487
15558488
15558489
15558490
15558491
15558492
15558493
15558494
15558495
15558496
15558497
15558498
15558499
15558500
15558501
15558502
15558503
15558504
15558505
15558506
15558507
15558508
15558509
15558510
15558511
15558512
15558513
15558514
15558515
15558516
15558517
15558518
15558519
15558520
15558521
15558522
15558523
15558524
15558525
15558526
15558527
15558528
15558529
15558530
15558531
15558532
15558533
15558534
15558535
15558536
15558537
15558538
15558539
15558540
15558541
15558542
15558543
15558544
15558545
15558546
15558547
15558548
15558549
15558550
15558551
15558552
15558553
15558554
15558555
15558556
15558557
15558558
15558559
15558560
15558561
15558562
15558563
15558564
15558565
15558566
15558567
15558568
15558569
15558570
15558571
15558572
15558573
15558574
15558575
15558576
15558577
15558578
15558579
15558580
15558581
15558582
15558583
15558584
15558585
15558586
15558587
15558588
15558589
15558590
15558591
15558592
15558593
15558594
15558595
15558596
15558597
15558598
15558599
15558600
15558601
15558602
15558603
15558604
15558605
15558606
15558607
15558608
15558609
15558610
15558611
15558612
15558613
15558614
15558615
15558616
15558617
15558618
15558619
15558620
15558621
15558622
15558623
15558624
15558625
15558626
15558627
15558628
15558629
15558630
15558631
15558632
15558633
15558634
15558635
15558636
15558637
15558638
15558639
15558640
15558641
15558642
15558643
15558644
15558645
15558646
15558647
15558648
15558649
15558650
15558651
15558652
15558653
15558654
15558655
15558656
15558657
15558658
15558659
15558660
15558661
15558662
15558663
15558664
15558665
15558666
15558667
15558668
15558669
15558670
15558671
15558672
15558673
15558674
15558675
15558676
15558677
15558678
15558679
15558680
15558681
15558682
15558683
15558684
15558685
15558686
15558687
15558688
15558689
15558690
15558691
15558692
15558693
15558694
15558695
15558696
15558697
15558698
15558699
15558700
15558701
15558702
15558703
15558704
15558705
15558706
15558707
15558708
15558709
15558710
15558711
15558712
15558713
15558714
15558715
15558716
15558717
15558718
15558719
15558720
15558721
15558722
15558723
15558724
15558725
15558726
15558727
15558728
15558729
15558730
15558731
15558732
15558733
15558734
15558735
15558736
15558737
15558738
15558739
15558740
15558741
15558742
15558743
15558744
15558745
15558746
15558747
15558748
15558749
15558750
15558751
15558752
15558753
15558754
15558755
15558756
15558757
15558758
15558759
15558760
15558761
15558762
15558763
15558764
15558765
15558766
15558767
15558768
15558769
15558770
15558771
15558772
15558773
15558774
15558775
15558776
15558777
15558778
15558779
15558780
15558781
15558782
15558783
15558784
15558785
15558786
15558787
15558788
15558789
15558790
15558791
15558792
15558793
15558794
15558795
15558796
15558797
15558798
15558799
15558800
15558801
15558802
15558803
15558804
15558805
15558806
15558807
15558808
15558809
15558810
15558811
15558812
15558813
15558814
15558815
15558816
15558817
15558818
15558819
15558820
15558821
15558822
15558823
15558824
15558825
15558826
15558827
15558828
15558829
15558830
15558831
15558832
15558833
15558834
15558835
15558836
15558837
15558838
15558839
15558840
15558841
15558842
15558843
15558844
15558845
15558846
15558847
15558848
15558849
15558850
15558851
15558852
15558853
15558854
15558855
15558856
15558857
15558858
15558859
15558860
15558861
15558862
15558863
15558864
15558865
15558866
15558867
15558868
15558869
15558870
15558871
15558872
15558873
15558874
15558875
15558876
15558877
15558878
15558879
15558880
15558881
15558882
15558883
15558884
15558885
15558886
15558887
15558888
15558889
15558890
15558891
15558892
15558893
15558894
15558895
15558896
15558897
15558898
15558899
15558900
15558901
15558902
15558903
15558904
15558905
15558906
15558907
15558908
15558909
15558910
15558911
15558912
15558913
15558914
15558915
15558916
15558917
15558918
15558919
15558920
15558921
15558922
15558923
15558924
15558925
15558926
15558927
15558928
15558929
15558930
15558931
15558932
15558933
15558934
15558935
15558936
15558937
15558938
15558939
15558940
15558941
15558942
15558943
15558944
15558945
15558946
15558947
15558948
15558949
15558950
15558951
15558952
15558953
15558954
15558955
15558956
15558957
15558958
15558959
15558960
15558961
15558962
15558963
15558964
15558965
15558966
15558967
15558968
15558969
15558970
15558971
15558972
15558973
15558974
15558975
15558976
15558977
15558978
15558979
15558980
15558981
15558982
15558983
15558984
15558985
15558986
15558987
15558988
15558989
15558990
15558991
15558992
15558993
15558994
15558995
15558996
15558997
15558998
15558999
15559000
15559001
15559002
15559003
15559004
15559005
15559006
15559007
15559008
15559009
15559010
15559011
15559012
15559013
15559014
15559015
15559016
15559017
15559018
15559019
15559020
15559021
15559022
15559023
15559024
15559025
15559026
15559027
15559028
15559029
15559030
15559031
15559032
15559033
15559034
15559035
15559036
15559037
15559038
15559039
15559040
15559041
15559042
15559043
15559044
15559045
15559046
15559047
15559048
15559049
15559050
15559051
15559052
15559053
15559054
15559055
15559056
15559057
15559058
15559059
15559060
15559061
15559062
15559063
15559064
15559065
15559066
15559067
15559068
15559069
15559070
15559071
15559072
15559073
15559074
15559075
15559076
15559077
15559078
15559079
15559080
15559081
15559082
15559083
15559084
15559085
15559086
15559087
15559088
15559089
15559090
15559091
15559092
15559093
15559094
15559095
15559096
15559097
15559098
15559099
15559100
15559101
15559102
15559103
15559104
15559105
15559106
15559107
15559108
15559109
15559110
15559111
15559112
15559113
15559114
15559115
15559116
15559117
15559118
15559119
15559120
15559121
15559122
15559123
15559124
15559125
15559126
15559127
15559128
15559129
15559130
15559131
15559132
15559133
15559134
15559135
15559136
15559137
15559138
15559139
15559140
15559141
15559142
15559143
15559144
15559145
15559146
15559147
15559148
15559149
15559150
15559151
15559152
15559153
15559154
15559155
15559156
15559157
15559158
15559159
15559160
15559161
15559162
15559163
15559164
15559165
15559166
15559167
15559168
15559169
15559170
15559171
15559172
15559173
15559174
15559175
15559176
15559177
15559178
15559179
15559180
15559181
15559182
15559183
15559184
15559185
15559186
15559187
15559188
15559189
15559190
15559191
15559192
15559193
15559194
15559195
15559196
15559197
15559198
15559199
15559200
15559201
15559202
15559203
15559204
15559205
15559206
15559207
15559208
15559209
15559210
15559211
15559212
15559213
15559214
15559215
15559216
15559217
15559218
15559219
15559220
15559221
15559222
15559223
15559224
15559225
15559226
15559227
15559228
15559229
15559230
15559231
15559232
15559233
15559234
15559235
15559236
15559237
15559238
15559239
15559240
15559241
15559242
15559243
15559244
15559245
15559246
15559247
15559248
15559249
15559250
15559251
15559252
15559253
15559254
15559255
15559256
15559257
15559258
15559259
15559260
15559261
15559262
15559263
15559264
15559265
15559266
15559267
15559268
15559269
15559270
15559271
15559272
15559273
15559274
15559275
15559276
15559277
15559278
15559279
15559280
15559281
15559282
15559283
15559284
15559285
15559286
15559287
15559288
15559289
15559290
15559291
15559292
15559293
15559294
15559295
15559296
15559297
15559298
15559299
15559300
15559301
15559302
15559303
15559304
15559305
15559306
15559307
15559308
15559309
15559310
15559311
15559312
15559313
15559314
15559315
15559316
15559317
15559318
15559319
15559320
15559321
15559322
15559323
15559324
15559325
15559326
15559327
15559328
15559329
15559330
15559331
15559332
15559333
15559334
15559335
15559336
15559337
15559338
15559339
15559340
15559341
15559342
15559343
15559344
15559345
15559346
15559347
15559348
15559349
15559350
15559351
15559352
15559353
15559354
15559355
15559356
15559357
15559358
15559359
15559360
15559361
15559362
15559363
15559364
15559365
15559366
15559367
15559368
15559369
15559370
15559371
15559372
15559373
15559374
15559375
15559376
15559377
15559378
15559379
15559380
15559381
15559382
15559383
15559384
15559385
15559386
15559387
15559388
15559389
15559390
15559391
15559392
15559393
15559394
15559395
15559396
15559397
15559398
15559399
15559400
15559401
15559402
15559403
15559404
15559405
15559406
15559407
15559408
15559409
15559410
15559411
15559412
15559413
15559414
15559415
15559416
15559417
15559418
15559419
15559420
15559421
15559422
15559423
15559424
15559425
15559426
15559427
15559428
15559429
15559430
15559431
15559432
15559433
15559434
15559435
15559436
15559437
15559438
15559439
15559440
15559441
15559442
15559443
15559444
15559445
15559446
15559447
15559448
15559449
15559450
15559451
15559452
15559453
15559454
15559455
15559456
15559457
15559458
15559459
15559460
15559461
15559462
15559463
15559464
15559465
15559466
15559467
15559468
15559469
15559470
15559471
15559472
15559473
15559474
15559475
15559476
15559477
15559478
15559479
15559480
15559481
15559482
15559483
15559484
15559485
15559486
15559487
15559488
15559489
15559490
15559491
15559492
15559493
15559494
15559495
15559496
15559497
15559498
15559499
15559500
15559501
15559502
15559503
15559504
15559505
15559506
15559507
15559508
15559509
15559510
15559511
15559512
15559513
15559514
15559515
15559516
15559517
15559518
15559519
15559520
15559521
15559522
15559523
15559524
15559525
15559526
15559527
15559528
15559529
15559530
15559531
15559532
15559533
15559534
15559535
15559536
15559537
15559538
15559539
15559540
15559541
15559542
15559543
15559544
15559545
15559546
15559547
15559548
15559549
15559550
15559551
15559552
15559553
15559554
15559555
15559556
15559557
15559558
15559559
15559560
15559561
15559562
15559563
15559564
15559565
15559566
15559567
15559568
15559569
15559570
15559571
15559572
15559573
15559574
15559575
15559576
15559577
15559578
15559579
15559580
15559581
15559582
15559583
15559584
15559585
15559586
15559587
15559588
15559589
15559590
15559591
15559592
15559593
15559594
15559595
15559596
15559597
15559598
15559599
15559600
15559601
15559602
15559603
15559604
15559605
15559606
15559607
15559608
15559609
15559610
15559611
15559612
15559613
15559614
15559615
15559616
15559617
15559618
15559619
15559620
15559621
15559622
15559623
15559624
15559625
15559626
15559627
15559628
15559629
15559630
15559631
15559632
15559633
15559634
15559635
15559636
15559637
15559638
15559639
15559640
15559641
15559642
15559643
15559644
15559645
15559646
15559647
15559648
15559649
15559650
15559651
15559652
15559653
15559654
15559655
15559656
15559657
15559658
15559659
15559660
15559661
15559662
15559663
15559664
15559665
15559666
15559667
15559668
15559669
15559670
15559671
15559672
15559673
15559674
15559675
15559676
15559677
15559678
15559679
15559680
15559681
15559682
15559683
15559684
15559685
15559686
15559687
15559688
15559689
15559690
15559691
15559692
15559693
15559694
15559695
15559696
15559697
15559698
15559699
15559700
15559701
15559702
15559703
15559704
15559705
15559706
15559707
15559708
15559709
15559710
15559711
15559712
15559713
15559714
15559715
15559716
15559717
15559718
15559719
15559720
15559721
15559722
15559723
15559724
15559725
15559726
15559727
15559728
15559729
15559730
15559731
15559732
15559733
15559734
15559735
15559736
15559737
15559738
15559739
15559740
15559741
15559742
15559743
15559744
15559745
15559746
15559747
15559748
15559749
15559750
15559751
15559752
15559753
15559754
15559755
15559756
15559757
15559758
15559759
15559760
15559761
15559762
15559763
15559764
15559765
15559766
15559767
15559768
15559769
15559770
15559771
15559772
15559773
15559774
15559775
15559776
15559777
15559778
15559779
15559780
15559781
15559782
15559783
15559784
15559785
15559786
15559787
15559788
15559789
15559790
15559791
15559792
15559793
15559794
15559795
15559796
15559797
15559798
15559799
15559800
15559801
15559802
15559803
15559804
15559805
15559806
15559807
15559808
15559809
15559810
15559811
15559812
15559813
15559814
15559815
15559816
15559817
15559818
15559819
15559820
15559821
15559822
15559823
15559824
15559825
15559826
15559827
15559828
15559829
15559830
15559831
15559832
15559833
15559834
15559835
15559836
15559837
15559838
15559839
15559840
15559841
15559842
15559843
15559844
15559845
15559846
15559847
15559848
15559849
15559850
15559851
15559852
15559853
15559854
15559855
15559856
15559857
15559858
15559859
15559860
15559861
15559862
15559863
15559864
15559865
15559866
15559867
15559868
15559869
15559870
15559871
15559872
15559873
15559874
15559875
15559876
15559877
15559878
15559879
15559880
15559881
15559882
15559883
15559884
15559885
15559886
15559887
15559888
15559889
15559890
15559891
15559892
15559893
15559894
15559895
15559896
15559897
15559898
15559899
15559900
15559901
15559902
15559903
15559904
15559905
15559906
15559907
15559908
15559909
15559910
15559911
15559912
15559913
15559914
15559915
15559916
15559917
15559918
15559919
15559920
15559921
15559922
15559923
15559924
15559925
15559926
15559927
15559928
15559929
15559930
15559931
15559932
15559933
15559934
15559935
15559936
15559937
15559938
15559939
15559940
15559941
15559942
15559943
15559944
15559945
15559946
15559947
15559948
15559949
15559950
15559951
15559952
15559953
15559954
15559955
15559956
15559957
15559958
15559959
15559960
15559961
15559962
15559963
15559964
15559965
15559966
15559967
15559968
15559969
15559970
15559971
15559972
15559973
15559974
15559975
15559976
15559977
15559978
15559979
15559980
15559981
15559982
15559983
15559984
15559985
15559986
15559987
15559988
15559989
15559990
15559991
15559992
15559993
15559994
15559995
15559996
15559997
15559998
15559999
